A = [0.3 0.4; 0.7 0.6]

u = [100; 200]

A*u

A^100*u